2 0.234878 0.601120 0.265835 0.579818 0.317764 0.566947 0.374683 0.549642 0.431602 0.523900 0.494824 0.496549 0.496387 0.500781 0.339731 0.570052 0.261841 0.601120 0.234214 0.600677
0 0.652471 0.518203 0.659805 0.519017 0.672036 0.510052 0.675908 0.495918 0.690791 0.479336 0.701387 0.462487 0.708931 0.432051 0.709541 0.411667 0.705464 0.395632 0.707095 0.394004 0.709746 0.400527 0.713208 0.412480 0.712598 0.435853 0.706279 0.459225 0.692622 0.483685 0.680190 0.497546 0.673262 0.512227 0.670200 0.516302 0.663271 0.523366 0.652266 0.522826 0.651245 0.519564 0.651855 0.518743
0 0.636904 0.492038 0.640996 0.491673 0.643999 0.505495 0.649458 0.513867 0.647822 0.520052 0.641270 0.511322 0.636904 0.493490
1 0.497632 0.502142 0.495947 0.495182 0.518989 0.483568 0.553906 0.467969 0.588267 0.453600 0.608140 0.450879 0.622627 0.455833 0.636001 0.470443 0.631543 0.480846 0.626528 0.472422 0.613154 0.462272 0.602197 0.460039 0.581396 0.465241 0.497607 0.500911
0 0.632954 0.478236 0.639116 0.468197 0.643452 0.464238 0.655552 0.432585 0.656006 0.436237 0.653726 0.443542 0.655093 0.446888 0.657378 0.449023 0.657378 0.449935 0.658516 0.453281 0.645278 0.470326 0.642539 0.474583 0.647559 0.477630 0.648472 0.484017 0.648472 0.487064 0.642080 0.489805 0.638203 0.491022 0.637061 0.491022 0.634092 0.483105 0.633638 0.479453
0 0.656235 0.448717 0.671758 0.436237 0.688647 0.418281 0.695952 0.407324 0.700972 0.365326 0.703257 0.365632 0.703481 0.382676 0.698232 0.406107 0.692300 0.419499 0.677236 0.437148 0.660117 0.450540 0.658291 0.452975 0.656006 0.449629
0 0.657236 0.453854 0.660293 0.450931 0.668271 0.465521 0.670757 0.476686 0.665132 0.486836 0.665894 0.478717 0.666753 0.473639 0.665703 0.466667 0.659912 0.457148 0.657144 0.453978
0 0.643833 0.476302 0.653726 0.478587 0.659424 0.483151 0.660186 0.485182 0.657725 0.486960 0.653345 0.482650 0.643833 0.477956 0.643071 0.475163
0 0.647725 0.485566 0.656763 0.487337 0.662373 0.484805 0.665811 0.477702 0.666655 0.478587 0.665811 0.484043 0.665132 0.486706 0.662090 0.490260 0.655913 0.492415 0.647246 0.491523 0.642969 0.488607 0.648296 0.486074
0 0.696372 0.602832 0.671343 0.579049 0.643437 0.543372 0.633657 0.511536 0.633945 0.488138 0.634229 0.478932 0.628188 0.480469 0.627612 0.501947 0.631353 0.521510 0.640273 0.546061 0.652642 0.563320 0.677959 0.589785 0.694072 0.604746 0.697236 0.602832
0 0.657754 0.490762 0.659116 0.496217 0.648203 0.514414 0.647930 0.530059 0.655845 0.548249 0.665664 0.554798 0.697046 0.572259 0.715327 0.578444 0.720786 0.577715 0.717783 0.573353 0.701958 0.570078 0.668940 0.550794 0.657754 0.540605 0.649292 0.525690 0.651475 0.520599 0.654751 0.513685 0.662939 0.499492 0.662119 0.487852 0.658843 0.488216
